Generated vectors:
[[ 0.77868127  1.48528616 -0.55402649]
 [ 0.59991313  0.22880559  0.25355138]
 [ 0.46235819  0.15971912 -0.88542781]
 [ 0.21880671  0.61172917  0.72140557]
 [ 0.66816615  1.90059957  0.21583465]
 [ 0.57273584  0.27686525 -1.3402523 ]
 [ 1.96704222  0.42119904  0.91073071]
 [ 2.74165921  1.45759979  1.15576871]
 [ 0.20363756  1.64029456  0.04799408]
 [ 0.2420886   1.38908683 -0.8324365 ]
 [ 0.74087582  0.14317331  0.24505719]
 [ 0.57137841  0.73123074 -0.10444186]
 [ 1.03602477  0.23133177 -0.03705298]
 [ 0.75118496  1.72849861 -0.6971615 ]
 [ 0.31562308  1.22227978  0.88045297]
 [ 0.53306551  0.01845255  0.3667129 ]
 [ 0.49659104  2.82591856  0.35185067]
 [ 0.01483165  2.23740587 -0.73366335]
 [ 0.40489982  1.19485053 -0.44689661]
 [ 1.68368149  0.6958848  -0.05601141]
 [ 2.06280131  2.37371224  1.21159959]
 [ 0.76639046  1.69414308  0.06998048]
 [ 0.04603822  1.32027905 -0.95635731]
 [ 3.46610806  4.81161098  0.66169314]
 [ 0.68296652  1.3571757   0.72023089]
 [ 0.3118009   1.92452971  0.09475909]
 [ 0.11306683  0.04032354 -1.18558835]
 [ 1.4211618   0.32288074  1.6236484 ]
 [ 0.35219027  0.03157371 -0.47809599]
 [ 1.21368521  0.63884826 -0.56416845]
 [ 2.01715388  0.36119192 -0.29227104]
 [ 0.09395552  1.19929654 -0.56300188]
 [ 0.74614619  0.97317851 -1.30191498]
 [ 0.3652833   1.31219962 -0.31625925]
 [ 0.41236868  1.01198836 -0.65653225]
 [ 2.26294862  1.91605584 -0.66274843]
 [ 1.13505504  0.72539546 -0.58374671]
 [ 0.52681564  1.24279452  1.18261505]
 [ 0.56940942  0.17034971 -0.90207942]
 [ 1.01056976  2.2977363   2.08865746]
 [ 0.49871612  0.3295598   0.29431426]
 [ 0.29639177  0.82636763  0.59098991]
 [ 2.80998051  1.1527408   0.52720394]
 [ 0.20356526  0.01261358 -1.39574479]
 [ 0.74587469  2.45576547  1.43145945]
 [ 0.23292409  1.28232536  0.43686837]
 [ 1.44886126  0.05541816 -0.38820321]
 [ 0.1401454   1.25244814 -0.7102223 ]
 [ 0.62081899  1.09772515 -1.07270618]
 [ 0.36807443  1.19742451  0.19150048]]

Separating vector: [-0.09368234  0.56874551 -0.81716104]